This folder: /media/daniella/44281591-5347-4eba-89a4-559db4e045c0/TmpRecordingsRepo

folderstamp version: r5
Method: Recursive

  File: ./.folderstamp
  Size: 127       	Blocks: 8          IO Block: 4096   regular file
Device: 8,17	Inode: 65077251    Links: 1
Access: (0664/-rw-rw-r--)  Uid: ( 1000/daniella)   Gid: ( 1000/daniella)
Access: 2024-03-24 23:47:17.321083505 -0300
Modify: 2024-03-24 23:47:17.349083505 -0300
Change: 2024-03-24 23:47:17.349083505 -0300
 Birth: 2024-03-24 23:47:17.321083505 -0300
IPFS hash: Qma1JRLLkANjjTCLNJnPHX6LmmKs6YzFQJjAFJEnbQS5JY
------------------------------
  File: ./.folderstamp1
  Size: 3151      	Blocks: 8          IO Block: 4096   regular file
Device: 8,17	Inode: 65077250    Links: 1
Access: (0664/-rw-rw-r--)  Uid: ( 1000/daniella)   Gid: ( 1000/daniella)
Access: 2024-03-24 23:47:06.253083382 -0300
Modify: 2024-03-24 23:46:59.789083310 -0300
Change: 2024-03-24 23:47:13.765083466 -0300
 Birth: 2024-03-24 23:47:06.253083382 -0300
IPFS hash: QmSxBbhD1ipbaXoRAfeMHZkNEsDzz1pUYVyhF2W9eVVyyx
------------------------------