This folder: /media/daniella/9C33-6BBD/SD-DO/0.Recordings/Voice Recorder/New - stop using infinite tree, but numbers argh/12

folderstamp version: r5
Method: Non-recursive

  File: ./Voz 1453.m4a
  Size: 28393388  	Blocks: 55808      IO Block: 262144 regular file
Device: 8,81	Inode: 9223        Links: 1
Access: (0755/-rwxr-xr-x)  Uid: ( 1000/daniella)   Gid: ( 1000/daniella)
Access: 2024-04-01 05:45:08.000000000 -0300
Modify: 2024-03-31 08:03:16.000000000 -0300
Change: 2024-03-31 08:03:16.000000000 -0300
 Birth: 2024-04-01 05:45:09.000000000 -0300
IPFS hash: QmP2dUGBhjK4yF8bo8XbkQDz1Q7woLAAhLwwuw1JNf1tTs
------------------------------
  File: ./Voz 1454.m4a
  Size: 79208251  	Blocks: 155136     IO Block: 262144 regular file
Device: 8,81	Inode: 9219        Links: 1
Access: (0755/-rwxr-xr-x)  Uid: ( 1000/daniella)   Gid: ( 1000/daniella)
Access: 2024-04-01 03:53:06.000000000 -0300
Modify: 2024-03-31 19:42:43.000000000 -0300
Change: 2024-03-31 19:42:43.000000000 -0300
 Birth: 2024-04-01 03:53:08.000000000 -0300
IPFS hash: QmcLdyaRLcx8YBLtWxzZ5J7TcrtgkndmNm8Jk6HpEXpvgp
------------------------------